1 placement: 
(15.37697341499582, 13.53042697846032, 6.108595057846231)
(14.755471532679596, 13.455434189849905, 4.536365898234368)
(15.63442889670475, 15.722688643829207, 4.991512574413576)
(13.021120148043435, 14.28532620614761, 6.093117954534908)
(13.534268263484602, 16.50370239845729, 5.797619778545945)

2 placement: 
(13.475765768066058, 14.938477302189073, 7.216947558482)
(13.685526644017234, 14.102155198984384, 5.760802389547432)
(14.788977694556218, 16.312666925214273, 5.633519276116846)
(11.697993121995582, 15.568064806567005, 5.615916330393446)
(12.840200893731906, 17.367205244834118, 4.761347327575558)

3 placement: 
(12.51844788885906, 15.811410066314819, 7.080005181808621)
(12.859275571348672, 14.168146982083531, 7.297527514573408)
(14.95960036141146, 15.475357960944562, 7.299120214445631)
(13.005037921940234, 14.752122705318676, 4.897965441877223)
(15.248828032299885, 15.236663176846946, 4.94755942440914)

4 placement: 
(13.666004890277959, 15.088796094588798, 6.5120843023182005)
(13.868199773452687, 13.43666421966427, 6.817650228881222)
(16.068113811592138, 14.568003819484012, 6.792826079818496)
(14.095688019090097, 13.883136637971306, 4.395031000300741)
(16.370632390861644, 14.186441458116528, 4.461869480397471)

5 placement: 
(20.10336015815933, 4.183277671865085, 5.93243604913577)
(18.955043768234475, 5.3758733327277195, 5.581896327104774)
(20.64143928949658, 6.262780004494682, 7.1597537367404955)
(18.308226828870037, 4.155720670379383, 7.634462471328998)
(19.382167309470343, 5.593430590470602, 9.066759619549044)

6 placement: 
(13.334102279303528, 15.469327146149414, 6.303993437191686)
(13.834672214954205, 13.915891875216857, 5.856710934800446)
(15.660103078182003, 15.538851338774727, 5.464318214527288)
(12.931216545681151, 15.113021331823976, 3.889270626511038)
(14.957237190384896, 15.968972905277898, 3.230164912580431)

7 placement: 
(15.046407624156858, 14.412721543608825, 4.7663166617196975)
(15.281392379827023, 12.73905833072247, 4.852494691597126)
(17.440777969235487, 13.877048034176571, 4.449753317030873)
(14.971608874426838, 13.429843867763733, 2.497283030090546)
(17.20942793502262, 13.735121016108668, 2.0839976495934986)

8 placement: 
(19.532399735856476, 6.995248064355387, 5.137174737394517)
(19.222855088867146, 5.480133565851043, 4.4498587937832985)
(21.514415133801478, 6.216383799248321, 3.878146052992072)
(18.706729549784814, 7.269436119084118, 2.8213062923880945)
(20.798357794454628, 7.2853292831767105, 1.874378742659705)

9 placement: 
(13.534089273706131, 15.73303242430712, 5.112613565753989)
(11.969784905852531, 15.591640155830266, 5.742496975226823)
(13.41478620128735, 16.81737339959004, 7.3330052509154005)
(13.382725913765565, 13.733220250141777, 6.561060113413782)
(14.063273854729237, 14.824263897686295, 8.463246053379393)

10 placement: 
(13.069512334622868, 15.77870379353992, 6.087614732926843)
(13.402530937354333, 14.715704964514293, 4.813673942259977)
(14.570791679460445, 16.865682477434113, 4.449077129200977)
(11.478759597978081, 16.157975650620404, 4.231323918053311)
(12.747862573180946, 17.783920381729995, 3.222604700080237)

11 placement: 
(14.15096282062573, 15.720274673131769, 3.0760225383177078)
(12.609651849486287, 15.687743215242756, 3.7739446205681557)
(14.149639792025454, 17.013424690407465, 5.185033939831506)
(14.002757591202341, 13.872452905428483, 4.714237092298187)
(14.787891915969805, 15.117336823641038, 6.476525721679791)

12 placement: 
(13.610765756253556, 15.002013241236048, 6.820949599861603)
(14.06326691032913, 13.41290071615446, 6.455221385761156)
(15.991320598459764, 14.932915117390769, 6.151358753277175)
(13.363886916090678, 14.589142091070515, 4.394275898734724)
(15.472248598826534, 15.325319218850211, 3.8607148972501055)

13 placement: 
(10.958805013446902, 17.07244258866874, 6.72866970058266)
(11.56130602068616, 15.491376280787836, 6.760527270476266)
(13.429295963138879, 17.105698726294904, 6.60322526626918)
(11.284113938294283, 16.244249681600806, 4.420330987959012)
(13.418618376500664, 17.06674900994726, 4.222293746140971)

14 placement: 
(14.671508239496728, 14.257157604735488, 6.190234423492463)
(15.035812982828508, 12.825733482245582, 5.3643409231306025)
(16.773161882175515, 14.528274832992523, 4.913631421750258)
(13.76828835304807, 14.35460627068521, 3.889179318909285)
(15.630441109658706, 15.358132665426991, 2.9963439605682476)

15 placement: 
(14.34176026868143, 14.700109860253296, 5.921096325667494)
(14.743926102388917, 13.125991009429773, 5.447592868361853)
(16.637616025895696, 14.65387136891826, 5.000728924416679)
(13.837011825517706, 14.383775065146683, 3.519988600756208)
(15.881203956359643, 15.13722645424631, 2.7951281814562265)

16 placement: 
(13.636684385786237, 15.377707901752101, 5.865631923034648)
(14.090890859410212, 13.77352082865063, 5.5756778711364126)
(16.008620224149283, 15.282575215085888, 5.1691852560768226)
(13.36005248436703, 14.840392924877552, 3.4666895713214)
(15.458295774936191, 15.555505826351956, 2.8685075566081992)

17 placement: 
(13.333489572548467, 15.818214829132861, 5.370366341677348)
(13.65191007684246, 14.179708828129467, 5.64911265200455)
(15.77587334484174, 15.43050605444383, 5.438272336755973)
(13.642345214663264, 14.638187207764481, 3.218088477357422)
(15.894366392881079, 15.066333648679258, 3.0879949379696097)

18 placement: 
(11.811878212344816, 16.259331819914088, 7.276837298740539)
(12.445123189496188, 14.935893594474175, 6.433448242161662)
(13.894437736984324, 16.915129060246397, 6.113633268827557)
(11.00886687283489, 16.284250323097343, 4.937027721677145)
(12.71684401439903, 17.60977769564795, 4.163966042693193)

19 placement: 
(12.503677546383509, 17.049027324573757, 3.1348707003130025)
(11.026184350652668, 16.804334756937696, 3.9228633667209754)
(12.502288882180302, 18.221247846170613, 5.313417217984572)
(12.671689500037003, 15.11304950558635, 4.6658569405902615)
(13.431995010513242, 16.345280473224157, 6.447815263372769)

20 placement: 
(13.698822421778859, 15.017800233082164, 6.606560347221863)
(14.125249763908174, 13.730993449838051, 5.59360375245511)
(15.637325718754251, 15.650188877610345, 5.2056829867126195)
(12.582959108181306, 15.262618906744347, 4.412233597967465)
(14.24709664563099, 16.55182296297531, 3.4954826782250703)

